%YAML:1.0
LEFT_KNOTS:
   - -2.5430969821550971e+01
   - 15.
   - -5.0247595401087871e+01
   - 30.
   - -8.7998794364005860e+01
   - 45.
   - -1.3696114285660215e+02
   - 60.
   - -2.7921060488068861e+01
   - 15.
   - -4.9012291444633824e+01
   - 30.
   - -8.2178876055206288e+01
   - 45.
   - -1.2685941037619459e+02
   - 60.
   - -2.8372146498610558e+01
   - 15.
   - -5.1202448799939546e+01
   - 30.
   - -8.5588517376089342e+01
   - 45.
   - -1.2722626065118752e+02
   - 60.
   - -2.8447334720616062e+01
   - 15.
   - -5.3421828127240623e+01
   - 3.0000000000000004e+01
   - -8.8412427458402831e+01
   - 45.
   - -1.2957817644697195e+02
   - 6.0000000000000007e+01
   - -2.8956224258153384e+01
   - 15.
   - -5.1249795472596468e+01
   - 30.
   - -8.4005978632121455e+01
   - 45.
   - -1.2635697122255357e+02
   - 60.
   - -2.8154781604198458e+01
   - 15.
   - -5.2869636420067174e+01
   - 3.0000000000000004e+01
   - -8.2949514182019939e+01
   - 45.
   - -1.2091353030657039e+02
   - 60.
   - -2.8825559060712354e+01
   - 15.
   - -5.3223494958830607e+01
   - 3.0000000000000004e+01
   - -8.6100084740731305e+01
   - 45.
   - -1.2569891083052799e+02
   - 5.9999999999999993e+01
   - -2.9887406727384032e+01
   - 15.
   - -5.4303868995032857e+01
   - 30.
   - -8.8285991495060529e+01
   - 45.
   - -1.2214647311096910e+02
   - 59.
   - -3.5274163523732554e+01
   - 15.
   - -6.0894739361548517e+01
   - 30.
   - -9.3497840572904764e+01
   - 45.
   - -1.3289836710605758e+02
   - 5.9000000000000007e+01
   - -3.3034740816251727e+01
   - 15.
   - -6.0039595697727009e+01
   - 3.0000000000000004e+01
   - -9.3311432082229842e+01
   - 45.
   - -1.3555771808750126e+02
   - 5.8999999999999993e+01
   - -3.6718710550648616e+01
   - 15.
   - -6.3200377620005199e+01
   - 30.
   - -9.8691438845832181e+01
   - 45.
   - -1.4062539019487738e+02
   - 5.8000000000000007e+01
   - -3.8653533731735713e+01
   - 15.
   - -6.7846406868474858e+01
   - 30.
   - -1.0436608749599225e+02
   - 45.
   - -1.4014199735116313e+02
   - 58.
   - -3.9947232046198799e+01
   - 15.
   - -6.6681438864328328e+01
   - 30.
   - -1.0207621973919883e+02
   - 4.4999999999999993e+01
   - -1.4047879856385129e+02
   - 58.
   - -3.9564274713913477e+01
   - 15.
   - -6.8401406348831912e+01
   - 30.
   - -1.0134783600969223e+02
   - 44.
   - -1.3536976767168130e+02
   - 58.
   - -4.3246691935477770e+01
   - 15.
   - -7.6583401308386414e+01
   - 30.
   - -1.1319351731120182e+02
   - 44.
   - -1.6384285496357569e+02
   - 5.7999999999999993e+01
   - -4.3971940208626897e+01
   - 15.
   - -7.1148523445239846e+01
   - 30.
   - -1.0863837068767637e+02
   - 44.
   - -1.4424662339698347e+02
   - 57.
   - -4.4254181063162456e+01
   - 15.
   - -7.2502376375864046e+01
   - 30.
   - -1.0403186130748810e+02
   - 44.
   - -1.4417052172833326e+02
   - 57.
   - -4.4482087061356587e+01
   - 15.
   - -7.3368704487390218e+01
   - 30.
   - -1.1152423996272127e+02
   - 44.
   - -1.5473952354560316e+02
   - 57.
   - -4.3259298639119052e+01
   - 15.
   - -7.0591450458283859e+01
   - 30.
   - -1.0224782562697263e+02
   - 44.
   - -1.3947129917245593e+02
   - 57.
   - -4.3538401650408616e+01
   - 15.
   - -7.1185322924635827e+01
   - 30.
   - -1.0817710597830204e+02
   - 44.
   - -1.5034218625867456e+02
   - 57.
   - -4.4230706052770138e+01
   - 15.
   - -7.1373130528927064e+01
   - 30.
   - -1.0717901321430880e+02
   - 44.
   - -1.4245074627085882e+02
   - 57.
   - -4.4019955152614926e+01
   - 15.
   - -6.8403801510773874e+01
   - 30.
   - -9.9114486276553393e+01
   - 44.
   - -1.3997446087690952e+02
   - 5.7000000000000007e+01
   - -4.5776764935515700e+01
   - 15.
   - -7.0373324677019383e+01
   - 30.
   - -1.0528121034572609e+02
   - 4.4000000000000007e+01
   - -1.4503891458394631e+02
   - 57.
   - -4.3666473862416645e+01
   - 15.
   - -6.8597245175729569e+01
   - 2.9999999999999996e+01
   - -9.7322868145464000e+01
   - 44.
   - -1.3525899653650958e+02
   - 57.
   - -4.3423611275647602e+01
   - 15.
   - -6.4896858204083472e+01
   - 2.8999999999999996e+01
   - -9.7618997155511011e+01
   - 44.
   - -1.3529500320746584e+02
   - 57.
   - -4.3682543777572995e+01
   - 15.
   - -6.4276139017054405e+01
   - 28.
   - -9.8124405227011223e+01
   - 44.
   - -1.3593246952658578e+02
   - 57.
   - -4.1566317645149766e+01
   - 15.
   - -6.0141157943500801e+01
   - 28.
   - -9.8411779862006426e+01
   - 44.
   - -1.3435078532479687e+02
   - 57.
   - -4.1335884763058424e+01
   - 15.
   - -6.0151324000443580e+01
   - 28.
   - -9.4090675956968553e+01
   - 44.
   - -1.2694668407031767e+02
   - 5.6999999999999993e+01
   - -4.0938397624783768e+01
   - 15.
   - -6.0898649497354015e+01
   - 28.
   - -9.0879754644927871e+01
   - 44.
   - -1.1886263979682828e+02
   - 5.5999999999999993e+01
   - -4.1705630002324156e+01
   - 15.
   - -6.0354791752978535e+01
   - 28.
   - -9.4974170390145730e+01
   - 44.
   - -1.2346084267525747e+02
   - 55.
   - -3.9396100601087539e+01
   - 15.
   - -5.7231757819732294e+01
   - 28.
   - -8.9016493898821281e+01
   - 44.
   - -1.1676410617509821e+02
   - 55.
   - -3.9919315433866913e+01
   - 15.
   - -5.8042171023191266e+01
   - 28.
   - -8.7901061412540642e+01
   - 44.
   - -1.1482962957443486e+02
   - 55.
   - -4.0027566169495550e+01
   - 15.
   - -5.8853406922914090e+01
   - 2.7999999999999996e+01
   - -8.9402733583306954e+01
   - 44.
   - -1.1283383561222297e+02
   - 55.
   - -3.9576576605787075e+01
   - 15.
   - -5.6798458508534168e+01
   - 27.
   - -8.6744605645617668e+01
   - 44.
   - -1.1147850120264943e+02
   - 55.
   - -3.9149456250687912e+01
   - 15.
   - -5.7231027506137885e+01
   - 27.
   - -8.7824993432784723e+01
   - 44.
   - -1.0981990816859387e+02
   - 55.
   - -4.0065989206032825e+01
   - 15.
   - -5.5576079890423074e+01
   - 27.
   - -8.4233042401311565e+01
   - 44.
   - -1.0606050098163875e+02
   - 55.
   - -4.0438650584301840e+01
   - 15.
   - -5.5627765890103149e+01
   - 27.
   - -8.1669320961630177e+01
   - 44.
   - -1.0240850537939554e+02
   - 55.
   - -3.8872498255147342e+01
   - 15.
   - -5.5394514255112320e+01
   - 27.
   - -8.1438401692775386e+01
   - 44.
   - -1.0180116692344677e+02
   - 55.
   - -3.9918513446820739e+01
   - 15.
   - -5.5838984927800304e+01
   - 27.
   - -8.3573516576371958e+01
   - 44.
   - -1.0480553989939409e+02
   - 55.
   - -3.7189959711403922e+01
   - 15.
   - -5.2995211598661250e+01
   - 27.
   - -8.0078545658569908e+01
   - 44.
   - -9.8480551730766734e+01
   - 5.4999999999999993e+01
   - -3.6206507388739119e+01
   - 15.
   - -5.0486394460675690e+01
   - 27.
   - -7.1901457474868295e+01
   - 4.4000000000000007e+01
   - -8.7551185100226377e+01
   - 54.
   - -3.5835144621650883e+01
   - 15.
   - -4.8776191914003221e+01
   - 27.
   - -7.0775766975137614e+01
   - 44.
   - -8.7467912010810281e+01
   - 54.
   - -3.4847427369248621e+01
   - 15.
   - -4.7765207171934470e+01
   - 27.
   - -7.0150289106111032e+01
   - 44.
   - -8.6260275309783964e+01
   - 54.
   - -3.6247327944433813e+01
   - 15.
   - -5.0782346878778050e+01
   - 27.
   - -7.3072628526264126e+01
   - 44.
   - -8.9630207334635514e+01
   - 5.4000000000000007e+01
   - -3.6012461606699347e+01
   - 15.
   - -4.7630541936122299e+01
   - 27.
   - -6.9403158234372142e+01
   - 44.
   - -8.5964746789665540e+01
   - 54.
   - -3.3397817991053188e+01
   - 15.
   - -4.3687976617132989e+01
   - 27.
   - -6.0980692366755925e+01
   - 44.
   - -7.2427841785907745e+01
   - 54.
   - -3.3574827799173349e+01
   - 15.
   - -4.3344064585758915e+01
   - 27.
   - -6.0963015266528501e+01
   - 44.
   - -7.8542681519586637e+01
   - 54.
   - -3.3074520118321871e+01
   - 15.
   - -4.2338235503169209e+01
   - 27.
   - -6.2150801949636659e+01
   - 44.
   - -7.9050690429017436e+01
   - 54.
   - -3.4753636237492529e+01
   - 15.
   - -4.2692393588793870e+01
   - 27.
   - -5.9402201935784440e+01
   - 44.
   - -7.4939458091279349e+01
   - 54.
   - -3.2435067617199330e+01
   - 15.
   - -3.9650804616745731e+01
   - 27.
   - -5.3796149726005311e+01
   - 44.
